948.646642922263
2824.63628618186
4672.53434247182
6492.3910483414
8284.249656822
10048.1449768177
11784.1018676962
13492.1337156581
15172.2409184626
16824.4094050869
18448.6092168983
20044.7931769156
21612.8956737399
23152.8315867292
24664.4953789992
26147.7603848238
27602.478318017
29028.4790278715
30425.5705292330
31793.5393332886
33132.151105646
34441.1516782826
35720.2684419416
36969.2121455536
38187.6791292618
39379.1929561436
40533.5182324809
41653.5150979715
42737.126522357
43782.9912634647
44789.9766094513
45756.0530693895
46679.4969792497
47558.3555349717
48390.3120090716
49172.9423190264
49903.3373110488
50578.1400295292
51193.3726433763
51744.007643736
52223.62048713
52623.3476520896
52929.7942617949
53121.4508162248
53203.1686440922
53257.9888779055
53301.8100569626
53331.9653264001